x <-c(17,14,4,5,13,12,10)
